 1.7918099515019117       1.2266290971357641       1.1057008501240095       2.1187395115339891       1.6795733085663129
 1.8632967368592788       2.1764859713823834       1.8419643410605488        3.281256118701835       0.4138189239584274
 1.7625833479502444       4.3177812713411861       3.7704094343490557       4.2417263330148547       0.4861909889190153
 1.0050045008342745       2.7000932615648883        1.351558361477545       1.2713732911472027       2.7731716206541526
 1.4935815395534067       2.2755360206724973       2.0363788895786361       1.4740680179531176        1.897459425381177
 4.6276561323105536       4.0618276353401503       2.2343101257688116       1.7222084486799194       1.7976156069807079
 3.1949135399991762       3.3481881302836216       5.4267539135386835       3.2923080211332363       2.0448222571276369
  1.808211871964259       1.4137277207396257       1.6014411720550046        1.042581667538454       2.6473403760306402
  1.112608835879688       1.9942782283784939       4.6496679839157906       1.5661074462265256       2.7132501497667469
 2.2399627015032388       2.5135503631193545       2.8258040436618961       2.3455777961408528       1.6666831813205809
  4.163454792775326      0.18317358985617038       1.8557106719300491        1.452934999402856        1.623301910048434
  5.905017575335946       2.0735374774777706       3.0571296083939457       2.5557948334650216       2.7251408677063167
 3.1379731484582964       1.6388999726429505       1.9150862660834518       1.7306053594791193       3.3087262553972039
 2.9459824474312293       2.3351472197955303       2.9635879000620711       1.3384196598851914       3.8531279582405236
  2.052823187129543       2.8547960468167304       5.4053903166743194       2.2984373057918868       2.1679210416112582
  3.530014294167549       2.9452860810077928       3.2232042553621634       2.0884133684004649       1.0951856299085163
 3.8441523515878773       3.7401606443279718       3.4339597524552028       4.8610154071358647       1.4781716513520806
 5.4732997151727067       3.3351453825555391       4.2040275861664806       2.3183429812158329      0.90156450282446798
 2.0669447969212253       1.2163341697642793       1.8038954948963322       3.3114574353840101       2.4313683103237445
 2.9629520013861699       1.7906668380143951       1.9321304790903964       3.9105265863391034       4.4643450976131325
  4.395678730220542       1.0358976276133083       2.2879428788001315       2.8235530749623794       1.9878817037750769
 3.5464522094218367        2.603590955707014       2.5356824338173207       1.7627813467175957       4.3353845936018782
  3.337093938286666       1.4580863275425091      0.86620033121074513       1.3015737029721557       4.3792296288489991
 0.2198147147644223       0.6070461497848626        3.962228284521415        2.655625454445405       2.0504100255020927
 2.9168375913747036       2.4025258138647887         3.79035891901394       2.4204208403579099       5.0549766553214432
 1.3158803673044925      0.43045148594530602        1.825448523002893       2.0209163922780107       1.9935611434621836
 3.0760759429359266       2.6546068294782428       3.5485645754615023       4.6792200643785238       1.7011144355068235
0.14775823453099043      0.36594901198500651       1.8496687242736318       1.0951562062077942      0.70536834788505853
 2.3258599569345138      0.95390988569236213       1.0769878549500551       1.5604995062163014        1.298490370389642
 1.4721221811712386       4.3375918351981211      0.50049288451578156       2.3174591604371089       2.3647659274005033
 4.3542151617990807       3.0034010604571311       2.9334209043135657       2.0281331823160587       3.4837795224866803
 2.6767991776060676       1.5507904397831997       1.7906963624220835       3.3104727558839331       1.8170457991446065
 1.2608979297103213       1.1299925648902136       2.7159241446814857        1.522389460871981       1.1071396452145066
0.95194943609091098       3.8175357777510368       1.2512999125473359       2.0466398381292477       1.5684829389115025
 5.0998307628078177       2.3233608471007106       2.0295371042138317       1.8936806192618683      0.89143700695435879
  3.817089427066513      0.98467540041897095       3.2042081492990091       1.8424849981145095        3.404178177225007
0.86027700955719433       3.7853595690751942       0.9494486735498493        3.967108997581076       1.4348310592275708
 2.4896214874150044       3.2098339836876142      0.69320473445135788       1.3585948140487907       2.1485771572376193
 1.9351265123065329       1.6596840890130011       3.2413789740855683       1.4753595040237484       0.7975179613370813
 2.3260294515601734       2.8190269264185486       6.3455041071076366       3.1777473403835459       2.0305769337740895
  1.907938161487144       1.5224214920126324       2.7834398536946998       1.8276117679827062       1.6568578303702395
 1.6629516255138141        1.466277699538584       1.5607729723079353       6.9461518914490989       2.0673805400134637
 2.5391873733025192       3.5310389559694908       1.7524868504532567       5.4752125166641648       1.7018989210669531
 1.2445230003446048       5.9229580337748962      0.65952139196485837       2.0165372906610859       3.2886935073678609
 4.8401081740873044       2.4570515431906816      0.20600725333400119       1.0360762228514595       1.9314562309076684
0.62579927076259456       3.2967291732607809       1.9702163391022012       2.7329649649517962       1.6169965244709841
0.78257618852681832       1.1294034024004564       1.8288711271780356        2.833894286666371       3.5968284452009929
 2.2173160837571988       1.1281930487644896       1.8194842105997304       2.5378714120001389       1.7925883437062922
 2.3139134494480906       3.8726053183736253       2.2830322497865203       1.6599598029614637       3.6729156137789452
 2.2035272668379573      0.74029279505214729      0.87065622151195587       3.7308668848562547       2.1848548879259635
 1.7140231785510718      0.69182969746858913       2.6682564408399818       3.3372239499419738      0.75766523302488153
 2.0694171190845716         3.65289221905768       1.5871150896224808       0.9846100530155083       3.5594549108921218
0.95599416546992388       1.2068071024545941       4.3248049435433531       1.4991606910423232         2.24358657990481
 4.2041593783788551       2.2783964693006324       2.1197669097953784       3.8585411788562851      0.79902131152235389
 3.3981068236410654       3.8229458853923415       3.0592184366174475       1.6098939213127743       2.6100246253234975
 2.9041937285959856       2.6210054030247449        2.073253554838026       2.0351624485757123      0.37674857510785442
 2.7676918435880866       2.1019387859378322      0.71374405568160693        2.312796237753437      0.44069004847185744
 1.6185343445017952        6.462639676374434       3.4205109558800948        1.418561760631553       3.8771637328088904
0.60986388881519416       2.7272821442675923       1.8825819340540875       2.2021956842485575       1.5743782097292973
 1.7280073973621937       4.1299746045161667      0.67300482871914269       2.7602894858127089       5.4205569804085778
 4.5428095662315675       2.4557057112380489       1.9119600740731968      0.93581211610691073       2.0904785979324303
 1.6225013177390888       2.0035578958085325       2.0861573866554628      0.95179854042569068       1.1560142220847265
 2.3259351404551705       1.4542717730969927       2.3653642823430636       1.0590091906370709       2.9381578998727149
 3.6133067033815078       1.2706455422319034       2.1386013366129304       2.5998751740834121       3.3707301576963382
 2.6005255817128754       1.8749866507558077       1.1409960416306268      0.20747140653413854       1.8770856131013984
 3.7201940213483158       1.1149922152106559       2.5965176087117063       2.2638326446486978       3.5683667258788745
 3.7420718098875372        3.034817318610882       4.7489873915958967       1.9647228026801073       1.0684212638688095
0.47795094784887882       2.4465923623626593       2.0299136989739814       1.5111023980550888       2.4323297504250343
 3.9767388371774044       4.3974512413139539       2.9996194716749849       2.8349402289459955       2.4248297506029362
 3.7930364903886149       4.9467275083907696       1.6540438989613584       3.4915380787858021       1.3926881135412605
 2.5430672607355231      0.80199129483803844       3.7975657120688728       2.0434976302786914       1.8190034553860983
 1.8535453600991922       2.9542798096271738      0.81549506407509964       2.9232354683603385       2.2925016043853241
 4.0499696276357184      0.89762996480706925       2.7413406296493927       1.2275708190759842       2.1883302788410601
 1.2904221786980727       2.4604032420807953       2.4872987492337262       3.0148684515218647       1.5265373659501613
 2.5934053701240418       1.4199682983692041       4.5387317548377952       3.4173648027771848        2.213755065389821
 3.6582417225147137      0.79351526507412973       4.0636326813503612       5.4398009879594076       2.3672258203708054
 1.8260220594874219       2.6202812021247657       2.1533057234064454       3.5549587291187019        3.174885317676837
 3.6100736361808963       1.8193108666512106       3.2140673222320233        4.560934346550594      0.64904986061996561
 1.8556222669895415      0.83401211850259738      0.91092290846051094       3.4339424940790799       3.2814301637017818
 3.2104932192415867       1.1039546851042037       4.3349634718839036       3.5730326735949971        3.644910745726019
 0.5102278244460251       1.9283969976148816      0.63137470822402808       2.4703637295633696      0.94507591708049865
 1.2001590688243893       1.6696394376397983        1.091114047509476      0.88475667386118773       1.1348849214395575
 2.6612533180138094       2.5602753045378264       2.8667691922504908       2.3996664617357992       2.5936658194788071
  2.573752665791754       5.3683903859965065       2.4224205349460317       2.0563019893722299       1.8654483445538814
  3.577453377350496        2.412550073092782       1.9111038531774114       4.7545724848716855       3.4199763967602483
 1.8905201920875219       1.1560365046629129       2.6307289727593304       2.9294114779256311       2.7151355721146171
 2.6325438510415418      0.88081782577037593       7.8806725957764323       1.5466609338488462       2.0924155499064159
 1.0653590252013097      0.99729386663784447       2.4969562211662621       2.4115577732446352       1.8533563267505775
 1.2727560364849329       4.0148266486723747       3.8606432350234363       1.7363247216689965       4.0175107823692198
 2.5807679052624235      0.87498937442893898       2.9679983360178466       1.0324096168623562      0.58626650568605609
 2.1256726439897347       4.1724383467092956      0.29204832733442521       3.5834879776014499       3.5303217818763919
0.76400483787894358       1.9971882184989573       1.7892173138130167       1.6947609866974942       3.4890985330021831
 2.8180001308244074       2.5915109967099226        2.394048966736714        2.372998731320846      0.46460312955264671
 1.5269797555700269       3.2923950399158732      0.30343433019790333       3.5200306602409994       1.2248839410313521
0.23290968922064015       1.7802541834004817       1.6239631471073819       1.5735968909556763       4.2367054013038583
 2.2842894042868882        1.738895501491432       4.5446754144764441       1.7379644618127987       2.4821877216909742
 2.8425818813542048       1.1462766620930334       5.5877783190159285        1.729822403076865       2.9752841929085569
 4.9771737687650566       1.0138636200901927       4.0532388129485142      0.71379987385619137       2.7734785795819437
 2.1990839430234601         2.03192954323079      0.71727103249774937         3.56942455518094      0.57564721664959706
 1.1956359503332412       2.7579030214548612        3.785257137717648       3.5292530197941741      10.64860390361999065
