    1.70491677     2.22337511     0.53443662     1.83522483     0.94089523 
    2.38322434     1.16340728     1.91114740     1.33683980     1.58516692 
    0.78024963     1.32159054     2.28660703     0.53899545     3.63411271 
    1.84396701     0.91998518     1.94443979     3.49034154     3.97626308 
    2.39002838     2.20805718     2.94706737     1.68768848     0.17364685 
    2.32166949     2.48138783     1.71867743     1.78084913     1.28219128 
    2.28645507     0.76294123     1.61208247     0.81195734     0.36840647 
    1.84182546     1.13624211     3.21380261     1.99786744     3.00716541 
    3.04491351     3.13985919     0.64182742     2.48761997     2.68615591 
    0.97928070     4.86051225     3.79940754     0.53073196     4.64872325 
    2.22517901     3.39556173     0.32845127     1.98733649     0.63622225 
    1.66173351     1.25824750     0.48153601     1.30594354     1.99099040 
    1.96982024     1.32981542     1.41549941     2.70833222     1.64192345 
    4.04202797     1.21795832     1.86533763     3.21932288     2.53282028 
    3.30041308     5.43837514     1.13933053     2.37287475     1.83039668 
    3.05113282     3.65586494     2.97974029     0.88493697     3.14433343 
    1.39751733     1.76549396     1.36760789     3.87257683     1.21636475 
    2.67175542     3.03580775     1.22494340     1.05875266     3.85089590 
    1.79138607     2.53784807     1.21503449     3.29058452     2.06463182 
    2.88463079     0.99867367     2.81154914     2.21772701     0.46476328 
    1.47371225     2.15164981     2.63132127     2.25980843     1.28645293 
    0.71626740     1.20358314     1.49373807     0.65932707     2.92264261 
    4.55451763     1.43053454     0.42691621     1.73202678     0.33719854 
    1.94144037     0.83403926     0.73356479     3.60332762     0.73532880 
    1.16256775     2.49660426     2.14001530     2.77904538     1.31509716 
    1.98884669     1.93580580     0.71224993     2.24711978     1.71421400 
    3.22276114     3.69956727     1.58883737     1.37255900     2.63897978 
    3.92648340     2.03624243     0.52183327     2.24073228     2.50386474 
    0.86356177     3.10341678     2.48697611     1.86981888     1.85166959 
    2.15975467     2.37703883     1.49362360     3.18080454     2.96896344 
    1.18575263     2.33378937     2.01820828     1.47471350     1.50454449 
    1.44578037     1.36413760     2.48399681     3.85104555     1.95622410 
    3.97455907     3.44567804     2.14111001     1.33650764     1.13086786 
    0.61287938     2.18256934     2.35935148     1.51978525     0.87731689 
    1.23332692     0.94927369     0.02813436     2.06551545     0.85343133 
    1.98885245     1.19524219     2.67547491     0.54295026     1.74955815 
    1.00310042     2.20330186     2.96285502     1.06245931     0.62686361 
    2.00941246     2.93609839     2.80628293     3.94736844     2.52286814 
    1.06287575     0.66677622     2.00426885     1.46175731     1.23231258 
    2.00677242     1.97681490     1.91276671     0.96367866     0.62569645 
