   -5.00000000    -37.75330504
   -4.90000000    -34.46049149
   -4.80000000    -27.85812895
   -4.70000000    -31.59518156
   -4.60000000    -39.76183087
   -4.50000000    -37.37900232
   -4.40000000    -23.51883578
   -4.30000000    -37.76360931
   -4.20000000    -36.50849539
   -4.10000000    -29.91843135
   -4.00000000    -21.84899511
   -3.90000000    -29.03935206
   -3.80000000    -30.59173196
   -3.70000000    -24.32993776
   -3.60000000    -17.18143503
   -3.50000000    -29.31545355
   -3.40000000    -16.85748740
   -3.30000000    -25.37600940
   -3.20000000    -11.21670484
   -3.10000000    -21.15043561
   -3.00000000    -19.58197488
   -2.90000000    -12.57459996
   -2.80000000    -15.94491722
   -2.70000000     -8.35886041
   -2.60000000     -8.73381395
   -2.50000000     -2.54759007
   -2.40000000    -11.09132403
   -2.30000000    -16.65967188
   -2.20000000     -0.30453309
   -2.10000000    -10.32841771
   -2.00000000    -10.23578413
   -1.90000000     -4.00261883
   -1.80000000      4.57134292
   -1.70000000      4.89670662
   -1.60000000     -8.89808563
   -1.50000000     -9.55498104
   -1.40000000     -9.80369328
   -1.30000000      1.01919632
   -1.20000000     -9.99535246
   -1.10000000     -7.72379829
   -1.00000000     -2.12735729
   -0.90000000      0.96221729
   -0.80000000     -5.81089111
   -0.70000000     -4.64990181
   -0.60000000     -0.85162210
   -0.50000000     -0.33990279
   -0.40000000     -1.25452457
   -0.30000000      8.34740686
   -0.20000000      1.23326634
   -0.10000000      3.83517171
    0.00000000      3.33642597
    0.10000000     -0.18516804
    0.20000000     -5.96754090
    0.30000000      4.91759456
    0.40000000     -6.34693539
    0.50000000      3.93947349
    0.60000000      5.72135565
    0.70000000      6.60926077
    0.80000000      1.92444460
    0.90000000      2.07277968
    1.00000000     11.61025540
    1.10000000     -0.32445115
    1.20000000     12.11047732
    1.30000000     -0.90605606
    1.40000000      8.18134723
    1.50000000      3.71234848
    1.60000000     -2.93656618
    1.70000000    -10.63271685
    1.80000000      1.01877816
    1.90000000      5.75871436
    2.00000000     -1.32251681
    2.10000000      0.43118375
    2.20000000     -0.02655160
    2.30000000     -4.58499183
    2.40000000      3.72720100
    2.50000000      3.00951368
    2.60000000     -2.66069394
    2.70000000     -7.81826628
    2.80000000      2.42682086
    2.90000000      1.93511170
    3.00000000     -4.53847601
    3.10000000    -10.04042973
    3.20000000     -5.09495857
    3.30000000     -9.50302072
    3.40000000     -8.56478087
    3.50000000     -0.96527116
    3.60000000     -1.95491779
    3.70000000     -6.80310569
    3.80000000     -6.02127723
    3.90000000     -7.27890476
    4.00000000    -12.76507228
    4.10000000     -9.51150127
    4.20000000    -12.88426270
    4.30000000     -8.45341282
    4.40000000     -8.44732625
    4.50000000    -14.97974751
    4.60000000    -14.65559259
    4.70000000    -15.19106753
    4.80000000    -15.58541269
    4.90000000    -17.17104769
    5.00000000    -10.95455961
